((4, 10, 0), (1, False)) 28.921638990480698
((4, 10, 0), (25, False)) 28.690973587602546
((4, 10, 0), (50, False)) 29.004187843416588
((4, 10, 0), (75, False)) 29.43520841915527
((4, 10, 0), (100, False)) 29.852183601692577
((4, 10, 1), (1, False)) 29.51619942092124
((4, 10, 1), (25, False)) 30.443836754883073
((4, 10, 1), (50, False)) 30.616104140812315
((4, 10, 1), (75, False)) 30.692035807453745
((4, 10, 1), (100, False)) 30.751446410765972
((4, 10, 2), (1, False)) 30.951668500374346
((4, 10, 2), (25, False)) 30.840879816895097
((4, 10, 2), (50, False)) 31.155950900688467
((4, 10, 2), (75, False)) 30.80481063443674
((4, 10, 2), (100, False)) 30.78801454458227
((0, 10, 2), (1, False)) 18.10340663152639
((0, 10, 2), (25, False)) 12.475512624993213
((0, 10, 2), (50, False)) 11.628597489753696
((0, 10, 2), (75, False)) 10.35324769871512
((0, 10, 2), (100, False)) 13.445824676625826
((4, 180, 1), (1, False)) 10.817859836320144
((4, 180, 1), (25, False)) 11.539534086630436
((4, 180, 1), (50, False)) 12.380008841886504
((4, 180, 1), (75, False)) 9.681676184579892
((4, 180, 1), (100, False)) 9.91090630093902
((4, 180, 0), (1, False)) 13.161162402285632
((4, 180, 0), (25, False)) 13.83727693934797
((4, 180, 0), (50, False)) 12.68551026383654
((4, 180, 0), (75, False)) 12.199354270309792
((4, 180, 0), (100, False)) 10.820641924831234
((4, 90, 0), (1, False)) 19.89198063300444
((4, 90, 0), (25, False)) 20.07406260328447
((4, 90, 0), (50, False)) 21.178258422628943
((4, 90, 0), (75, False)) 19.622155138271125
((4, 90, 0), (100, False)) 19.883435477768078
((4, 45, 0), (1, False)) 25.28198287643758
((4, 45, 0), (25, False)) 24.834956585378453
((4, 45, 0), (50, False)) 26.705417785869948
((4, 45, 0), (75, False)) 25.13602321079685
((4, 45, 0), (100, False)) 25.8398379376937
((3, 10, 0), (1, False)) 22.384909957464743
((3, 10, 0), (25, False)) 22.474419684755304
((3, 10, 0), (50, False)) 22.569105897627182
((3, 10, 0), (75, False)) 22.900425666529504
((3, 10, 0), (100, False)) 23.28021055804888
((2, 10, 0), (1, False)) 22.752844745432956
((2, 10, 0), (25, False)) 22.077611586477744
((2, 10, 0), (50, False)) 23.436233324595406
((2, 10, 0), (75, False)) 22.66288147613569
((2, 10, 0), (100, False)) 22.654936985124955
((1, 10, 0), (1, False)) 24.003663178045276
((1, 10, 0), (25, False)) 24.809602116124694
((1, 10, 0), (50, False)) 27.34739764576158
((1, 10, 0), (75, False)) 22.386729527985104
((1, 10, 0), (100, False)) 22.294175030620092
((0, 10, 0), (1, False)) 19.200659434314776
((0, 10, 0), (25, False)) 22.431645995199577
((0, 10, 0), (50, False)) 20.15579884696959
((0, 10, 0), (75, False)) 20.217761497780252
((0, 10, 0), (100, False)) 19.82371005410885
((3, 10, 1), (1, False)) 23.841359515377665
((3, 10, 1), (25, False)) 24.36920258028204
((3, 10, 1), (50, False)) 24.39745195289445
((3, 10, 1), (75, False)) 24.51139389628831
((3, 10, 1), (100, False)) 24.65438255857116
((1, 10, 1), (1, False)) 23.738220511111567
((1, 10, 1), (25, False)) 22.226502306889948
((1, 10, 1), (50, False)) 26.15127095505968
((1, 10, 1), (75, False)) 23.807960254142074
((1, 10, 1), (100, False)) 23.09744857458558
((0, 10, 1), (1, False)) 14.338709362197395
((0, 10, 1), (25, False)) 16.774929097508323
((0, 10, 1), (50, False)) 19.930843792671673
((0, 10, 1), (75, False)) 15.880798314299991
((0, 10, 1), (100, False)) 17.829869264582133
((4, 90, 1), (1, False)) 18.526599366630034
((4, 90, 1), (25, False)) 18.88602600203113
((4, 90, 1), (50, False)) 18.004832634848018
((4, 90, 1), (75, False)) 18.08816458994635
((4, 90, 1), (100, False)) 22.114211772259754
((2, 10, 1), (1, False)) 23.696825587859923
((2, 10, 1), (25, False)) 23.930226668661618
((2, 10, 1), (50, False)) 23.289750376144664
((2, 10, 1), (75, False)) 23.428450956422886
((2, 10, 1), (100, False)) 23.68330763643562
((4, 90, 2), (1, False)) 19.021666969830044
((4, 90, 2), (25, False)) 19.851893348611576
((4, 90, 2), (50, False)) 19.550941784878088
((4, 90, 2), (75, False)) 19.49010073040734
((4, 90, 2), (100, False)) 17.854021041531343
((4, 45, 2), (1, False)) 27.343358484611272
((4, 45, 2), (25, False)) 28.536359684632476
((4, 45, 2), (50, False)) 28.706037469952744
((4, 45, 2), (75, False)) 30.939105817233454
((4, 45, 2), (100, False)) 31.013066283976222
((4, 45, 1), (1, False)) 25.410451436847467
((4, 45, 1), (25, False)) 26.458684565951458
((4, 45, 1), (50, False)) 26.913802677875324
((4, 45, 1), (75, False)) 27.119954733192674
((4, 45, 1), (100, False)) 29.126105960293348
((2, 10, 2), (1, False)) 23.84897647565291
((2, 10, 2), (25, False)) 23.402056511433404
((2, 10, 2), (50, False)) 22.58196821928863
((2, 10, 2), (75, False)) 23.387565417476818
((2, 10, 2), (100, False)) 21.620367644927022
((1, 10, 2), (1, False)) 21.71955782005308
((1, 10, 2), (25, False)) 24.57234187143802
((1, 10, 2), (50, False)) 23.500561038066316
((1, 10, 2), (75, False)) 23.925210524003372
((1, 10, 2), (100, False)) 22.848691225027714
((4, 180, 2), (1, False)) 9.952260235884198
((4, 180, 2), (25, False)) 7.66431870846681
((4, 180, 2), (50, False)) 8.32660572832006
((4, 180, 2), (75, False)) 7.801442982959928
((4, 180, 2), (100, False)) 6.211140586201888
((3, 10, 2), (1, False)) 25.14276212019896
((3, 10, 2), (25, False)) 24.815770383545686
((3, 10, 2), (50, False)) 25.43259807236428
((3, 10, 2), (75, False)) 25.629462481279727
((3, 10, 2), (100, False)) 25.30459120374109
((0, 45, 1), (1, False)) 19.620175219530097
((0, 45, 1), (25, False)) 18.775939796161786
((0, 45, 1), (50, False)) 16.4294713883571
((0, 45, 1), (75, False)) 21.648575629190987
((0, 45, 1), (100, False)) 19.001596378536192
((0, 45, 0), (1, False)) 20.492514411805658
((0, 45, 0), (25, False)) 23.264281637696676
((0, 45, 0), (50, False)) 21.947934275477596
((0, 45, 0), (75, False)) 21.065875973481514
((0, 45, 0), (100, False)) 24.98185542577362
((0, 45, 2), (1, False)) 19.226347301336254
((0, 45, 2), (25, False)) 15.087303019709312
((0, 45, 2), (50, False)) 15.703557357657942
((0, 45, 2), (75, False)) 15.230619191810064
((0, 45, 2), (100, False)) 15.413471430707977
((3, 180, 2), (1, False)) 6.985664461360791
((3, 180, 2), (25, False)) 7.068032199883078
((3, 180, 2), (50, False)) 3.0365670086791754
((3, 180, 2), (75, False)) 3.740966434067337
((3, 180, 2), (100, False)) 6.737639100208151
((3, 180, 1), (1, False)) 9.609376026873065
((3, 180, 1), (25, False)) 7.200723414243107
((3, 180, 1), (50, False)) 7.336261353230408
((3, 180, 1), (75, False)) 9.21941822444729
((3, 180, 1), (100, False)) 6.071705334349778
((1, 45, 2), (1, False)) 21.9853123052673
((1, 45, 2), (25, False)) 22.55223114733617
((1, 45, 2), (50, False)) 21.707619206762487
((1, 45, 2), (75, False)) 21.372602555415654
((1, 45, 2), (100, False)) 22.420879747682644
((1, 45, 1), (1, False)) 22.433316213028743
((1, 45, 1), (25, False)) 23.335192145002726
((1, 45, 1), (50, False)) 21.699119562883723
((1, 45, 1), (75, False)) 22.682641078164114
((1, 45, 1), (100, False)) 22.25472094105735
((2, 180, 1), (1, False)) 1.690382800723103
((2, 180, 1), (25, False)) 3.5758912196861314
((2, 180, 1), (50, False)) 6.11552319524741
((2, 180, 1), (75, False)) 3.606623996078464
((2, 180, 1), (100, False)) 1.300334192913941
((1, 90, 1), (1, False)) 3.336865725529122
((1, 90, 1), (25, False)) 3.3630430619414358
((1, 90, 1), (50, False)) 1.9692076495412476
((1, 90, 1), (75, False)) 5.99716477992372
((1, 90, 1), (100, False)) 1.3458413632210282
((0, 90, 1), (1, False)) 2.7864723533713835
((0, 90, 1), (25, False)) 9.791158110436518
((0, 90, 1), (50, False)) 3.2050557673006073
((0, 90, 1), (75, False)) 4.486332145828776
((0, 90, 1), (100, False)) 5.868063322936211
((0, 90, 0), (1, False)) -0.08862229943915086
((0, 90, 0), (25, False)) 0.05222701614883765
((0, 90, 0), (50, False)) 0
((0, 90, 0), (75, False)) 5.335010788165312
((0, 90, 0), (100, False)) 0
((1, 90, 0), (1, False)) 1.039757643091135
((1, 90, 0), (25, False)) 7.722820973571121
((1, 90, 0), (50, False)) 1.6689035700111519
((1, 90, 0), (75, False)) 0.052880272658146224
((1, 90, 0), (100, False)) 2.0261207892517463
((1, 45, 0), (1, False)) 21.951526511712437
((1, 45, 0), (25, False)) 21.474439381097863
((1, 45, 0), (50, False)) 22.28433740348172
((1, 45, 0), (75, False)) 22.949378191827464
((1, 45, 0), (100, False)) 23.62123594989457
((1, 90, 2), (1, False)) 1.1962745544788926
((1, 90, 2), (25, False)) 1.5935303087803245
((1, 90, 2), (50, False)) 4.071150941205943
((1, 90, 2), (75, False)) 1.2618018382475533
((1, 90, 2), (100, False)) -0.0027130532892327835
((2, 45, 0), (1, False)) 18.862360773949252
((2, 45, 0), (25, False)) 18.33146210177632
((2, 45, 0), (50, False)) 18.796254512977814
((2, 45, 0), (75, False)) 17.76699557606362
((2, 45, 0), (100, False)) 20.42784202473561
((2, 180, 0), (1, False)) 1.5126276447519094
((2, 180, 0), (25, False)) 1.4668342305079798
((2, 180, 0), (50, False)) 3.935049590769842
((2, 180, 0), (75, False)) 0.34087490692997147
((2, 180, 0), (100, False)) -0.1107751132926946
((3, 180, 0), (1, False)) 4.791800308225389
((3, 180, 0), (25, False)) 4.309169562548702
((3, 180, 0), (50, False)) 9.417631126361336
((3, 180, 0), (75, False)) 4.8841325035294805
((3, 180, 0), (100, False)) 4.556511425869461
((0, 90, 2), (1, False)) 13.47195513973613
((0, 90, 2), (25, False)) 5.274414398272859
((0, 90, 2), (50, False)) 7.196731590783908
((0, 90, 2), (75, False)) 3.689556399092465
((0, 90, 2), (100, False)) 7.427744734971956
((2, 90, 0), (1, False)) 3.372323196960914
((2, 90, 0), (25, False)) 6.594017455822438
((2, 90, 0), (50, False)) 5.183809174819684
((2, 90, 0), (75, False)) 7.551335764603493
((2, 90, 0), (100, False)) 13.334990424400903
((3, 90, 0), (1, False)) 13.37309855162571
((3, 90, 0), (25, False)) 15.81692712757736
((3, 90, 0), (50, False)) 10.784626338311998
((3, 90, 0), (75, False)) 12.762895441454903
((3, 90, 0), (100, False)) 10.708777513667759
((3, 45, 0), (1, False)) 16.653786578709234
((3, 45, 0), (25, False)) 19.312749052674747
((3, 45, 0), (50, False)) 19.115829375135245
((3, 45, 0), (75, False)) 18.268132967176697
((3, 45, 0), (100, False)) 19.12579936104187
((3, 90, 1), (1, False)) 15.18829977972509
((3, 90, 1), (25, False)) 12.216937706533527
((3, 90, 1), (50, False)) 12.334600947963052
((3, 90, 1), (75, False)) 12.456962715584112
((3, 90, 1), (100, False)) 12.020880273884435
((3, 90, 2), (1, False)) 8.767514207047292
((3, 90, 2), (25, False)) 15.32546683989692
((3, 90, 2), (50, False)) 6.5486843587240005
((3, 90, 2), (75, False)) 5.152530208025656
((3, 90, 2), (100, False)) 3.9952132006387804
((3, 45, 2), (1, False)) 12.5928764538954
((3, 45, 2), (25, False)) 13.379026869194366
((3, 45, 2), (50, False)) 14.823215990821872
((3, 45, 2), (75, False)) 20.859582403763827
((3, 45, 2), (100, False)) 17.797420336035405
((3, 45, 1), (1, False)) 20.343760522397115
((3, 45, 1), (25, False)) 15.071674702923435
((3, 45, 1), (50, False)) 13.758906813934082
((3, 45, 1), (75, False)) 15.3252851086323
((3, 45, 1), (100, False)) 17.962004527844318
((2, 45, 1), (1, False)) 21.134804315761954
((2, 45, 1), (25, False)) 20.049770400024975
((2, 45, 1), (50, False)) 21.578790830022434
((2, 45, 1), (75, False)) 21.3854126165588
((2, 45, 1), (100, False)) 20.77453855386179
((1, 180, 2), (1, False)) 0.8975807182911567
((1, 180, 2), (75, False)) -0.770585904095744
((1, 180, 2), (25, False)) -0.15103481305351812
((1, 180, 2), (50, False)) -0.6698148720223588
((1, 180, 2), (100, False)) -0.5729322510237261
((0, 180, 1), (1, False)) 3.498064238068884
((0, 180, 1), (25, False)) 4.062459120370621
((0, 180, 1), (50, False)) 9.595504022157577
((0, 180, 1), (75, False)) 3.1571899952201656
((0, 180, 1), (100, False)) 0.4790725571647701
((2, 90, 1), (1, False)) 7.49880586264881
((2, 90, 1), (25, False)) 7.847549670210895
((2, 90, 1), (50, False)) 11.813628145367915
((2, 90, 1), (75, False)) 9.011208708281265
((2, 90, 1), (100, False)) 8.251458075997686
((0, 180, 2), (1, False)) 12.653257942972091
((0, 180, 2), (25, False)) 7.113746436953919
((0, 180, 2), (50, False)) 1.8229636905471915
((0, 180, 2), (75, False)) 3.0344432166760833
((0, 180, 2), (100, False)) 4.478706663837324
((2, 90, 2), (1, False)) 3.6761696696910566
((2, 90, 2), (25, False)) 9.304933809037916
((2, 90, 2), (50, False)) 2.79235112320076
((2, 90, 2), (75, False)) 1.8724195365062544
((2, 90, 2), (100, False)) 3.3314338491879423
((2, 45, 2), (1, False)) 22.156714004853
((2, 45, 2), (25, False)) 22.263653023061856
((2, 45, 2), (50, False)) 22.199944582780866
((2, 45, 2), (75, False)) 20.75913800094896
((2, 45, 2), (100, False)) 21.17873859566606
((1, 180, 1), (1, False)) 1.562011010334829
((1, 180, 1), (25, False)) -0.050396056204158594
((1, 180, 1), (50, False)) 0.605870887785575
((1, 180, 1), (75, False)) -0.02430127670530119
((1, 180, 1), (100, False)) 0.14862419673065808
((0, 180, 0), (1, False)) 2.874629094530979
((0, 180, 0), (25, False)) -0.30713833675415203
((0, 180, 0), (50, False)) -0.17038388617810876
((0, 180, 0), (75, False)) 6.662882666857573
((0, 180, 0), (100, False)) 1.2684734192870724
((2, 180, 2), (1, False)) 4.388377638708317
((2, 180, 2), (25, False)) 0.6810334754939571
((2, 180, 2), (50, False)) 2.0770136072495426
((2, 180, 2), (75, False)) 1.946739540516501
((2, 180, 2), (100, False)) 1.82512276778758
((1, 180, 0), (1, False)) -0.3114626631030543
((1, 180, 0), (25, False)) 0.23317642699486582
((1, 180, 0), (50, False)) 0.9781754368474331
((1, 180, 0), (75, False)) 0.21955868570081463
((1, 180, 0), (100, False)) -0.17021837697797626
